32 31 24 46 58
82 118 136 120 189
54 107 136 96 139
55 46 100 78 123
129 149 100 192 236
====================
158 71 101 110 88
194 86 155 101 94
250 124 133 175 158
213 127 121 134 196
189 105 102 135 126
====================
94 81 53 103 116
61 41 32 135 141
114 109 59 167 234
55 89 27 131 188
71 64 67 174 171
====================
152 185 84 72 89
148 181 80 54 96
98 143 53 53 85
139 221 76 78 134
151 196 75 61 109
====================
160 155 117 107 151
150 142 198 62 126
68 56 126 9 53
244 242 244 139 214
55 69 75 45 68
====================
